8,1
32,0
24,1,1
32,0
24,1
32,0
64,0
8,0,1
32,0
24,1,1
32,0
24,1
32,0
8,0,1
32,0
24,1,1
32,0
24,1
32,0
64,0
8,0,1
32,0
24,1,1
32,0
24,1
32,0
8,0,1
32,0
24,1,1
32,0
24,1
32,0
64,0
8,0,1
32,0
24,1,1
32,0
24,1
32,0
8,0,1
32,0
24,1,1
32,0
24,1
32,0
64,0
8,0,1
32,0
24,1,1
32,0
24,1
32,0
8,0,1
32,0
24,1,1
32,0
24,1
32,0
64,0
8,0,1
32,0
24,1,1
32,0
24,1
32,0
8,0,1
32,0
24,1,1
32,0
24,1
32,0
64,0
8,0,1
32,0
24,1,1
32,0
24,1
32,0
8,0,1
32,0
24,1,1
32,0
24,1
32,0
64,0
8,0,1
32,0
24,1,1
32,0
24,1
32,0
8,0,1
32,0
24,1,1
32,0
24,1
32,0
64,0
8,0,1
32,0
24,1,1
32,0
24,1,0
4,1,1,1,1,1,1,1,1,1,1,1,1,1,1,1,1,1
4,0,0,0,0,0,0,0,0,0,0,0,0,0,0,0,0,0,0,0,0,0,0,0,0,0,0,0,0,0,0,0,0,0,0