4,0
8,0
2,1,2,3,4,1,2,3,4
4,0,1,2,3,4,5,0,0,0
4,1,2,3,4,5,0,0,0
16,0
8,1,0,1,2,3,4
8,0,1
16,0
8,1,1,2,3,2,3,4,5
16,0
8,5,4,3,2,0,3
16,0
8,3,3,2,3,4,3
4,1,2,3,4,5,4,3,2,1,2,3,4,3,4,5,6
4,5,4,3,2,1,2,3,4,5,6,5,4,3,4,5,6
4,5,5,4,4,3,3,2,2,1,1,2,2,3,3,4,5
4,6,5,4,3,2,1,2,3,4,5,6,6,6,0,0
8,0,5,0,2
4,0,2
8,3
4,3
8,2
4,3,2,3
8,0
4,0,4
8,0
4,3
8,0
4,2,1,2,3,4,5,4,3,2,1,2,3,4,5,6,5,4,3,2,5
4,0,2
8,3
4,4
8,5
4,6,5,4
8,0
4,3,2
8,0
4,3
8,0
4,1,2,3,4,5,4,3,2,1,2,3,4,3,4,5,6,5,4
16,0
8,6,0,6,5,4,3
8,0,3
16,0
8,3,3,2,1,2,3,4,6
16,0
8,6,5,4,3,0,4
16,0
8,4,3,2,1,2,3,4,0
8,5,0,5,4,3,2
8,0,5
16,0
8,5,4,3,2,1,2,3,6
16,0
8,6,5,4,3,0,3
16,0
8,3,3,2,3,4,3,3
4,5,4,3,2,1,2,3,4,5,6,5,4,3,4,5,6
4,5,5,4,4,3,3,2,2,1,1,2,2,3,3,0,1
4,0,0,0,0,0,0,0,0,0,0,0,0,0,0,0,0,0,0,0,0,0,0,0,0,0,0,0,0,0,0,0,0,0,0,0,0,0,0,0,0,0,0,0,0,0,0,0,0,0,0,0